102/08/11耫布︽薄(单基箂絃筪肂ユ)
Data Date:102/08/11
腹,嘿,Μ絃 ,害禴,秨絃 ,程蔼 ,程,А基 ,Θユ计  ,Θユ肂(じ),Θユ掸计 ,程禦基,程芥基,祇︽计 ,Ωら把σ基 , Ωら害氨基 ,Ωら禴氨基

恨瞶布
腹,嘿,Μ絃 ,害禴,秨絃 ,程蔼 ,程,А基 ,Θユ计  ,Θユ肂(じ),Θユ掸计 ,程禦基,程芥基,祇︽计 ,Ωら把σ基 , Ωら害氨基 ,Ωら禴氨基
